 OTUID	ACK1	ACK2	ACK3	AP1	AP2	AP3	BCK1	BCK2	BCK3	BP1	BP2	BP3
Zotu99	57	35	6	13	7	1	2	0	0	58	0	44
Zotu21	188	135	784	557	707	184	57	3	68	582	72	88
Zotu2	5690	5101	4448	927	1826	376	157	6	1857	6199	753	3400
Zotu4	3048	4693	2176	3473	1166	284	58	2	1	449	88	846
Zotu1	8616	3400	18026	7332	7853	4365	199	2	83	2873	303	3031
Zotu35	104	25	10	15	5	1	59	3	5	977	37	90
Zotu7	4238	2	1	1	0	5	14660	0	0	3	751	1
Zotu100	4	29	26	15	29	142	2	15	0	1	23	11
Zotu5	185	242	11	449	1236	700	166	5102	8116	472	1827	5558
Zotu15	506	175	1365	306	1292	299	75	1	81	232	61	142
Zotu16	624	871	419	728	253	41	11	0	0	95	12	155
Zotu89	4	73	3	21	4	18	21	2	0	35	0	21
Zotu11	1458	0	0	0	0	0	5649	0	0	0	2326	0
Zotu30	226	302	47	27	59	4	9	0	0	24	0	72
Zotu152	4	3	1	5	1	2	0	51	15	104	1	13
Zotu6	351	2523	294	385	449	262	30	7	45	2876	42	170
Zotu3	441	293	17	304	459	1624	423	15392	12	5328	2908	6552
Zotu95	65	0	0	2	4	2	230	2	0	0	123	1
Zotu36	713	0	0	0	0	0	1292	0	1	0	2	0
Zotu29	184	0	0	0	0	0	1420	0	0	0	0	0
Zotu12	1072	856	65	107	76	13	104	9	113	2386	86	607
Zotu480	3	1	0	0	0	0	4	0	0	2	1	5
Zotu8	457	0	0	1	0	0	2194	0	0	0	15153	1
Zotu651	4	0	0	1	0	0	0	2	0	0	0	4
Zotu22	74	638	3	535	658	924	23	84	6	303	32	224
Zotu10	91	360	143	7459	1117	4265	1	5	83	83	36	82
Zotu25	268	471	54	40	63	15	21	0	2	28	24	91
Zotu13	99	1002	223	190	863	1350	12	16	4	6	32	100
Zotu83	16	48	0	146	82	124	0	0	1	0	0	5
Zotu14	43	495	476	386	1473	2128	0	0	2	8	0	18
Zotu92	50	87	0	12	10	25	3	2	1	3	8	8
Zotu94	6	1	0	3	2	7	7	88	26	39	32	63
Zotu39	29	40	12	92	328	101	24	108	69	87	340	370
Zotu102	21	44	1	5	43	27	0	26	0	16	12	54
Zotu9	355	2087	241	350	383	210	13	5	28	985	89	144
Zotu44	71	129	75	109	24	6	5	1	2	124	0	31
Zotu54	55	34	0	17	31	109	1	16	2	295	427	80
Zotu307	10	5	0	0	1	0	1	8	3	7	0	0
Zotu155	33	35	10	34	14	3	5	0	0	13	3	4
Zotu84	28	68	1	17	23	40	15	2	0	20	12	19
Zotu96	27	0	18	28	2	2	52	3	4	145	17	4
Zotu24	38	19	0	7	8	0	25	1718	18	41	36	106
Zotu17	98	1896	1	15	41	43	4	43	3	67	0	11
Zotu150	3	11	24	25	6	50	7	0	1	49	9	5
Zotu141	46	24	0	4	49	2	0	0	0	0	0	0
Zotu74	12	57	16	11	91	76	3	13	96	17	7	28
Zotu202	89	3	0	13	0	0	0	0	0	0	0	0
Zotu28	36	2	65	195	1014	485	3	0	17	45	3	47
Zotu64	12	11	1	0	2	1	0	91	508	78	10	139
Zotu147	13	14	7	4	32	36	9	11	24	16	15	11
Zotu27	224	0	0	0	0	0	1409	0	0	0	0	0
Zotu290	62	4	16	5	0	0	0	0	0	0	0	0
Zotu38	15	218	62	28	85	303	7	0	1	32	0	9
Zotu137	2	40	2	24	20	40	0	1	0	5	8	3
Zotu110	3	0	1	2	0	0	0	8	28	23	10	129
Zotu106	14	12	7	8	6	6	33	0	2	110	7	4
Zotu101	35	48	0	16	1	4	18	4	1	54	35	70
Zotu193	26	19	6	4	2	0	4	0	0	4	0	10
Zotu890	6	0	0	0	0	0	0	0	1	0	0	0
Zotu159	2	2	1	13	22	34	8	16	0	42	25	44
Zotu221	19	5	0	1	1	1	1	0	0	5	19	20
Zotu277	20	2	2	2	0	4	6	0	0	8	3	21
Zotu302	10	1	0	6	5	10	4	1	0	1	0	0
Zotu26	18	300	84	62	345	354	4	6	1	4	0	14
Zotu87	14	14	1	34	29	28	0	216	20	20	14	19
Zotu97	3	8	2	6	7	35	7	24	1	33	44	132
Zotu60	51	10	23	53	4	0	98	0	6	289	15	8
Zotu185	3	28	0	2	3	3	5	14	0	0	0	3
Zotu56	5	14	1	2	4	16	4	19	121	374	93	123
Zotu55	31	32	6	48	114	80	26	105	3	101	102	165
Zotu179	8	18	5	35	8	1	4	10	0	5	0	2
Zotu57	46	4	1	0	0	1	488	0	0	0	10	0
Zotu62	15	8	120	142	19	8	1	0	12	230	11	9
Zotu31	7	34	0	10	8	18	6	100	143	17	551	1292
Zotu146	9	0	1	0	3	4	22	67	1	5	8	13
Zotu190	8	5	0	1	0	12	0	0	0	61	64	14
Zotu571	2	0	0	0	2	7	2	6	7	2	0	0
Zotu222	6	17	1	0	0	7	0	0	0	0	0	0
Zotu220	6	7	1	0	2	12	0	25	4	2	6	3
Zotu166	7	13	1	1	5	31	4	70	17	3	0	11
Zotu212	6	6	0	2	8	10	8	0	1	5	4	4
Zotu951	3	0	0	0	3	6	0	0	0	0	0	0
Zotu443	2	0	0	1	4	3	0	0	0	1	9	0
Zotu63	38	40	1	40	129	136	11	62	2	37	36	84
Zotu23	68	106	378	470	1038	798	5	37	8	10	12	136
Zotu34	24	85	182	616	289	455	1	14	0	34	35	23
Zotu224	6	11	0	0	0	0	0	1	3	4	2	7
Zotu116	43	28	3	5	6	44	42	2	0	26	25	52
Zotu174	11	19	5	6	5	11	14	11	0	3	1	2
Zotu685	3	0	0	8	0	1	1	7	0	9	3	4
Zotu428	1	0	0	0	2	0	0	5	0	4	6	5
Zotu250	2	0	0	0	0	0	2	28	0	1	2	1
Zotu40	12	306	31	26	49	61	7	1	5	2	3	8
Zotu503	28	0	0	0	4	0	0	0	0	0	0	0
Zotu121	9	40	1	0	3	0	2	0	0	40	5	2
Zotu295	12	0	1	0	0	0	4	19	0	0	0	1
Zotu59	8	8	0	2	7	10	24	120	345	70	42	67
Zotu169	24	0	0	0	0	0	114	0	0	0	0	0
Zotu32	12	72	199	138	613	844	4	0	1	6	0	22
Zotu195	1	7	0	3	2	0	3	41	5	28	6	21
Zotu187	10	17	0	3	9	16	7	1	2	1	0	1
Zotu37	6	5	0	0	3	0	13	795	8	62	34	59
Zotu88	57	0	0	0	0	0	301	0	0	0	0	0
Zotu494	3	0	0	5	6	18	0	0	0	0	0	0
Zotu296	70	3	0	3	0	0	0	2	0	0	0	0
Zotu65	14	54	56	12	173	121	0	0	1	0	0	2
Zotu311	2	3	1	1	10	10	0	4	37	1	0	5
Zotu229	2	4	1	0	10	0	1	12	29	2	0	5
Zotu546	5	1	0	6	6	0	0	0	0	0	0	0
Zotu237	9	18	0	0	12	12	0	3	11	0	0	0
Zotu18	53	137	13	48	48	55	30	1211	2799	235	1219	366
Zotu157	25	7	33	8	0	0	48	1	4	7	0	9
Zotu149	5	30	0	1	16	3	0	29	13	3	7	33
Zotu48	6	22	6	253	321	387	0	1	0	11	8	4
Zotu608	1	0	0	8	5	6	0	0	0	0	0	0
Zotu200	1	0	0	3	2	4	25	30	45	11	5	15
Zotu254	4	9	21	12	5	0	0	0	0	0	0	0
Zotu33	8	27	2	0	19	0	1	294	73	14	18	1251
Zotu108	6	2	1	6	25	6	10	135	53	1	8	8
Zotu600	2	1	0	0	2	6	0	0	0	2	0	0
Zotu134	20	6	8	29	4	0	36	1	5	103	0	6
Zotu654	2	5	0	0	3	0	2	4	0	0	0	0
Zotu770	2	0	0	0	1	1	0	0	0	0	11	0
Zotu66	9	17	2	4	25	9	0	156	0	0	0	295
Zotu773	2	0	2	2	0	6	0	2	0	0	0	0
Zotu170	8	8	0	4	26	19	4	14	28	9	10	12
Zotu233	2	1	2	12	12	27	0	0	0	4	0	2
Zotu20	13	81	311	548	786	2989	0	2	2	18	2	2
Zotu78	6	36	4	11	20	27	0	1	523	1	0	9
Zotu77	6	14	8	21	40	61	9	28	22	70	70	116
Zotu178	24	27	6	9	0	5	0	0	1	0	0	10
Zotu168	3	2	17	18	30	50	0	41	0	0	6	4
Zotu203	1	0	0	9	15	27	2	9	4	9	16	18
Zotu153	5	5	0	0	2	3	8	37	0	21	46	37
Zotu98	18	79	0	14	3	7	2	0	1	12	3	50
Zotu192	3	1	0	17	8	8	7	14	7	21	5	13
Zotu151	5	4	1	5	21	17	3	10	63	9	31	48
Zotu322	1	0	0	1	1	4	3	12	19	1	3	8
Zotu144	5	5	0	18	13	36	0	27	76	22	23	15
Zotu70	6	0	0	0	0	2	19	10	1	53	502	38
Zotu479	1	1	1	4	2	0	0	1	3	0	0	6
Zotu281	7	4	0	1	2	0	0	20	7	2	0	2
Zotu223	3	2	11	8	39	32	0	3	1	0	2	0
Zotu49	8	73	28	11	32	40	149	6	1	347	14	120
Zotu86	4	13	0	8	73	46	0	7	15	47	79	93
Zotu560	2	6	1	0	1	0	0	0	0	0	0	0
Zotu45	7	72	111	100	20	204	104	6	7	299	10	71
Zotu104	1	8	14	18	67	159	0	3	0	76	6	2
Zotu332	1	0	0	16	9	1	0	0	0	0	0	0
Zotu253	2	1	0	0	0	0	0	2	42	5	9	2
Zotu982	1	0	0	0	0	0	3	0	0	0	0	0
Zotu67	16	121	0	39	0	36	8	2	0	32	0	21
Zotu356	2	7	0	0	1	3	0	0	0	0	0	5
Zotu158	4	4	0	7	12	41	6	44	59	19	15	35
Zotu561	1	0	1	0	0	3	0	0	0	1	0	1
Zotu538	6	0	0	0	1	0	3	0	0	0	0	2
Zotu767	8	0	0	0	0	0	0	0	0	0	0	0
Zotu285	1	0	0	6	8	46	0	0	0	0	0	0
Zotu80	8	0	0	0	0	0	12	23	5	2	35	294
Zotu19	13	184	1	0	1	2	1	4	5713	245	31	193
Zotu898	5	0	0	0	0	0	0	0	0	0	0	0
Zotu133	8	5	0	17	26	14	1	3	1	138	35	22
Zotu161	3	11	0	2	2	1	4	3	142	10	10	8
Zotu219	19	5	0	0	9	16	9	4	0	1	0	1
Zotu300	4	2	1	14	4	7	9	2	1	1	0	2
Zotu162	3	13	0	61	34	21	0	0	0	0	0	0
Zotu327	1	0	0	18	8	28	0	0	0	1	0	1
Zotu566	2	0	0	0	0	2	0	0	0	1	6	1
Zotu810	2	0	0	1	4	0	0	0	15	0	0	4
Zotu175	5	16	1	1	51	24	3	5	38	3	3	7
Zotu118	2	6	1	0	1	0	0	2	402	11	1	2
Zotu769	1	0	0	0	0	0	0	0	0	0	0	0
Zotu268	1	2	2	5	6	30	1	1	3	1	0	0
Zotu81	2	26	0	7	2	4	13	246	60	22	18	33
Zotu41	13	190	2	137	216	191	8	27	50	110	10	43
Zotu256	2	12	0	0	0	11	0	1	0	0	0	6
Zotu214	7	0	0	2	0	0	51	1	0	0	8	0
Zotu184	2	8	2	18	33	20	2	15	19	13	0	9
Zotu782	2	0	0	1	0	0	0	0	0	0	0	0
Zotu205	3	0	0	5	0	0	1	15	0	43	11	37
Zotu816	5	0	0	0	3	5	0	0	0	0	0	0
Zotu259	2	5	2	1	3	0	1	0	0	20	0	7
Zotu75	4	66	77	30	47	93	4	1	0	1	5	2
Zotu122	1	22	1	2	17	26	1	22	2	49	36	43
Zotu120	2	37	4	3	21	17	1	10	82	7	10	6
Zotu269	2	0	0	0	0	0	64	0	0	0	1	0
Zotu132	6	15	3	10	90	3	1	10	0	4	4	4
Zotu517	1	0	0	6	1	0	0	0	0	0	0	0
Zotu163	1	8	4	0	26	46	1	31	1	5	7	2
Zotu211	2	19	1	8	0	5	8	0	0	0	0	3
Zotu164	6	14	0	168	16	29	0	0	13	3	0	3
Zotu91	3	3	0	5	5	1	7	118	4	138	108	50
Zotu126	4	35	1	15	19	2	75	1	1	1	0	12
Zotu357	4	2	2	3	5	10	0	0	12	0	17	2
Zotu384	3	4	0	4	3	5	22	7	0	0	0	0
Zotu430	1	0	0	1	2	0	0	4	1	10	0	9
Zotu199	1	2	0	0	5	1	0	20	69	7	4	20
Zotu129	2	15	8	151	26	58	0	0	17	11	0	7
Zotu113	3	12	2	11	24	7	6	26	1	12	27	148
Zotu210	3	11	1	0	7	0	0	6	78	1	1	3
Zotu42	2	0	0	0	1	2	4	631	1	61	124	50
Zotu217	5	21	0	0	1	0	3	1	0	4	3	1
Zotu51	6	13	1	4	60	29	17	98	537	96	46	51
Zotu436	3	0	0	0	1	4	0	1	1	1	5	0
Zotu431	6	0	0	3	17	0	0	0	0	0	0	0
Zotu590	1	0	0	0	0	5	0	0	0	0	0	0
Zotu675	3	0	4	9	0	0	0	0	0	3	0	3
Zotu514	1	5	0	0	0	1	0	0	0	0	0	0
Zotu923	4	0	0	1	0	0	0	0	0	1	0	0
Zotu105	3	8	10	6	28	20	7	77	105	10	8	17
Zotu128	3	29	2	9	26	19	0	10	72	10	2	14
Zotu194	3	0	0	1	0	0	0	0	0	73	25	35
Zotu369	3	0	0	0	2	0	3	0	2	21	1	9
Zotu148	1	0	0	0	0	0	0	119	2	0	0	39
Zotu198	2	2	10	16	16	44	0	0	1	0	0	3
Zotu650	2	2	0	0	0	0	0	1	7	2	0	5
Zotu167	4	6	1	0	6	8	10	13	78	1	0	8
Zotu707	1	0	0	0	0	0	0	1	1	2	8	0
Zotu379	1	0	0	0	0	0	3	4	0	0	0	5
Zotu309	2	0	0	38	1	10	0	0	0	8	5	2
Zotu867	1	0	2	1	0	5	0	5	0	0	0	1
Zotu189	3	4	1	23	46	11	0	0	0	4	0	1
Zotu458	5	1	4	0	0	0	0	0	0	0	0	0
Zotu263	3	6	1	0	0	0	8	0	0	6	0	4
Zotu107	5	16	21	8	9	26	18	0	7	17	25	32
Zotu344	3	7	2	0	0	0	0	0	0	1	0	1
Zotu854	2	0	0	0	0	0	0	1	0	0	5	0
Zotu125	5	11	3	52	46	132	0	2	0	29	1	3
Zotu492	2	0	0	0	1	2	0	0	1	1	2	3
Zotu362	1	2	0	0	0	0	0	0	28	1	0	0
Zotu273	3	0	0	0	3	0	0	0	0	30	11	5
Zotu966	2	1	0	0	2	0	0	0	0	1	0	0
Zotu58	1	7	0	1	4	3	3	117	7	44	146	158
Zotu46	2	223	2	4	6	23	10	10	0	58	16	16
Zotu683	2	0	1	1	2	4	0	1	0	0	0	1
Zotu373	1	0	0	0	0	0	0	13	1	2	0	6
Zotu476	1	0	0	4	0	0	0	3	0	7	1	1
Zotu139	1	17	31	35	54	26	0	1	0	0	4	0
Zotu339	2	13	5	3	0	0	0	0	1	0	0	0
Zotu836	2	0	0	0	0	0	3	3	3	0	0	0
Zotu69	3	12	1	14	13	4	5	80	3	140	114	115
Zotu50	5	66	7	59	168	128	49	117	14	88	45	85
Zotu708	2	0	0	1	0	2	3	3	0	1	0	2
Zotu409	2	4	0	0	0	0	0	0	0	0	0	0
Zotu112	2	15	33	26	121	85	0	0	0	1	0	0
Zotu245	1	0	0	1	0	0	16	1	0	23	4	9
Zotu305	1	5	1	3	4	3	2	0	0	1	0	7
Zotu895	1	0	0	3	2	6	0	0	0	0	0	0
Zotu47	1	6	3	10	48	19	3	124	1160	11	30	72
Zotu429	1	1	0	0	9	7	0	1	0	0	0	1
Zotu539	2	0	0	0	0	0	0	2	4	0	5	3
Zotu310	1	0	0	0	0	0	1	1	3	0	7	35
Zotu671	1	0	0	0	0	0	0	3	2	1	0	3
Zotu345	1	0	0	0	4	0	1	18	8	6	0	9
Zotu960	2	0	0	0	2	0	0	1	2	0	0	0
Zotu109	2	117	2	0	3	2	2	0	0	1	0	0
Zotu71	1	2	0	0	0	0	2	1	13	53	478	224
Zotu138	1	4	2	6	53	31	0	8	1	18	44	50
Zotu446	2	0	0	0	0	0	8	1	7	1	0	0
Zotu341	1	0	6	6	0	5	0	0	0	2	0	1
Zotu522	1	0	11	0	18	7	0	0	0	0	0	1
Zotu360	1	1	0	0	2	0	0	4	5	8	4	1
Zotu234	1	3	18	4	22	12	1	0	16	0	0	0
Zotu119	1	66	1	0	0	0	2	2	0	10	0	0
Zotu442	2	1	0	0	0	1	5	1	5	9	0	0
Zotu882	3	0	0	0	5	2	0	0	0	0	0	0
Zotu140	1	6	0	118	17	92	19	3	2	5	0	1
Zotu718	1	2	0	3	1	1	1	2	0	0	0	0
Zotu61	1	6	0	0	3	2	18	263	284	25	46	71
Zotu266	1	2	1	2	15	25	0	7	1	0	0	3
Zotu537	0	2	0	0	1	1	4	0	0	1	0	0
Zotu945	1	0	0	0	0	0	4	2	0	0	0	0
Zotu361	4	2	0	0	0	0	4	0	0	3	0	1
Zotu463	1	2	0	5	5	1	3	2	3	5	0	1
Zotu621	1	0	0	1	2	3	0	0	0	0	0	0
Zotu798	1	0	0	0	0	3	4	0	1	0	0	0
Zotu181	2	8	4	4	17	15	0	3	22	2	11	5
Zotu186	1	3	1	14	50	55	0	2	1	1	1	4
Zotu251	1	0	0	1	4	1	0	6	39	7	1	22
Zotu593	1	1	0	6	1	0	0	2	2	1	0	0
Zotu457	1	0	0	0	0	0	0	0	5	0	7	0
Zotu274	1	3	1	5	18	4	1	3	4	5	0	3
Zotu946	1	0	0	0	0	2	0	0	0	2	0	0
Zotu183	1	1	0	6	53	56	3	0	0	5	0	0
Zotu383	1	6	3	0	7	6	0	0	0	0	0	1
Zotu498	1	0	0	22	2	10	0	0	0	0	0	0
Zotu382	1	3	0	0	2	0	0	0	0	0	0	0
Zotu940	1	1	0	1	1	0	0	0	0	0	0	1
Zotu228	1	17	0	0	0	0	0	6	2	3	0	3
Zotu875	1	0	0	0	0	0	0	4	0	3	0	2
Zotu614	1	0	0	0	0	6	0	0	0	0	0	0
Zotu677	1	5	0	0	0	0	0	0	0	0	0	0
Zotu993	1	0	0	0	0	0	0	5	0	3	0	0
Zotu330	0	1	0	4	1	4	1	3	0	2	0	7
Zotu535	0	1	0	1	0	4	2	3	0	2	0	0
Zotu135	0	3	2	16	139	56	0	0	5	9	18	16
Zotu111	0	72	0	0	0	3	0	0	0	0	1	0
Zotu160	0	26	1	6	34	47	1	0	5	20	4	5
Zotu182	0	28	1	6	5	2	1	26	3	0	3	0
Zotu177	0	30	0	0	0	0	0	2	0	0	0	0
Zotu93	0	90	0	0	7	6	6	3	0	1	13	6
Zotu510	0	4	0	0	0	0	0	0	0	0	0	0
Zotu942	0	2	0	0	1	0	0	1	0	0	0	0
Zotu455	0	2	0	0	0	0	0	0	0	0	0	0
Zotu196	0	15	1	0	0	0	15	2	0	9	13	13
Zotu394	0	2	0	0	1	0	0	0	0	0	0	5
Zotu207	0	24	0	0	1	11	0	4	0	1	4	3
Zotu279	0	8	1	0	7	0	0	0	0	1	0	0
Zotu414	0	4	0	0	0	0	0	1	0	4	0	3
Zotu435	0	3	1	0	0	1	0	0	0	0	0	0
Zotu499	0	3	0	0	0	3	1	0	0	0	0	0
Zotu676	0	2	0	0	0	0	0	0	0	0	0	0
Zotu299	0	6	0	0	0	0	4	4	9	4	3	23
Zotu563	0	2	1	1	0	0	0	0	0	0	0	0
Zotu375	0	3	0	0	0	0	3	0	0	1	0	0
Zotu230	0	9	1	0	4	0	0	1	6	2	2	3
Zotu79	0	2	2	0	3	7	14	115	471	20	1	29
Zotu420	0	14	0	0	0	0	0	1	0	0	5	0
Zotu308	0	9	0	0	0	0	0	0	0	0	0	0
Zotu426	0	6	0	0	0	0	0	0	0	0	0	3
Zotu622	0	1	0	0	0	2	0	0	0	0	18	0
Zotu326	0	8	0	16	4	8	4	5	1	2	0	5
Zotu173	0	7	0	39	20	18	0	0	0	0	0	0
Zotu778	0	4	0	0	0	0	2	0	0	2	0	1
Zotu324	0	9	0	0	0	0	1	4	0	0	0	1
Zotu271	0	10	0	0	0	0	5	0	0	1	2	1
Zotu117	0	48	0	0	0	0	10	2	0	0	0	1
Zotu459	0	4	0	0	0	1	0	2	0	1	0	1
Zotu660	0	4	0	0	0	0	0	0	0	0	0	1
Zotu312	0	8	9	9	8	3	2	0	0	1	0	0
Zotu456	0	1	0	1	5	0	0	0	2	1	0	2
Zotu156	0	41	6	5	4	17	12	0	0	0	0	5
Zotu715	0	1	0	0	0	0	0	0	0	0	0	0
Zotu328	0	3	0	0	4	1	4	4	3	5	0	8
Zotu703	0	3	0	0	0	9	0	0	0	0	13	1
Zotu638	0	4	0	2	3	0	0	0	0	1	0	0
Zotu735	0	2	0	0	0	0	0	0	0	0	0	0
Zotu393	0	7	0	0	0	0	0	0	0	0	0	0
Zotu548	0	3	0	0	0	0	0	2	0	0	0	0
Zotu412	0	12	0	0	0	0	0	0	0	0	0	0
Zotu364	0	3	0	2	2	0	1	0	1	0	0	36
Zotu282	0	7	0	0	0	0	0	3	0	0	0	0
Zotu771	0	1	0	0	0	1	0	1	0	0	0	0
Zotu531	0	5	0	0	5	0	3	1	0	0	0	1
Zotu197	0	27	0	4	0	2	0	10	5	4	0	4
Zotu444	0	8	0	0	0	0	0	0	0	3	0	0
Zotu438	0	5	0	0	0	1	0	1	0	2	0	3
Zotu136	0	13	0	0	1	0	0	9	299	0	1	9
Zotu280	0	6	0	2	15	5	2	4	1	1	0	2
Zotu283	0	9	0	1	0	0	1	0	0	0	4	2
Zotu226	0	3	0	0	0	0	0	0	53	6	0	3
Zotu533	0	6	0	0	0	0	0	0	0	0	0	0
Zotu249	0	9	0	1	0	15	1	3	0	1	0	2
Zotu936	0	1	0	0	0	0	0	0	0	0	0	1
Zotu180	0	29	0	0	3	0	0	3	0	0	0	5
Zotu488	0	7	0	0	0	0	0	0	0	0	0	0
Zotu741	0	2	0	0	0	0	1	0	0	0	0	0
Zotu920	0	2	0	0	0	0	0	0	0	0	0	0
Zotu958	0	2	0	0	0	0	0	0	0	1	0	0
Zotu606	0	0	0	0	5	10	8	2	2	0	0	1
Zotu127	0	47	0	12	7	17	1	0	0	6	1	9
Zotu586	0	2	0	0	0	0	0	0	0	0	0	0
Zotu692	0	2	0	0	0	0	1	0	0	0	0	0
Zotu543	0	3	1	1	5	0	0	2	1	0	5	1
Zotu505	0	1	3	3	0	1	0	0	0	0	0	0
Zotu872	0	1	0	0	0	0	0	0	0	0	0	0
Zotu447	0	7	0	0	0	0	0	0	0	0	0	0
Zotu423	0	7	0	0	0	0	0	1	2	0	0	0
Zotu218	0	12	0	0	0	0	0	0	0	0	0	0
Zotu1003	0	2	1	0	1	0	3	1	0	0	0	0
Zotu588	0	2	0	0	0	0	0	2	1	0	0	0
Zotu557	0	9	0	0	0	0	0	1	0	0	0	0
Zotu115	0	4	1	1	0	0	0	4	21	20	5	159
Zotu402	0	4	0	2	1	2	4	1	1	6	2	2
Zotu520	0	2	0	0	4	0	0	0	22	1	0	2
Zotu812	0	1	0	0	0	0	0	0	0	0	0	0
Zotu325	0	8	3	2	7	0	0	0	0	0	0	1
Zotu580	0	3	0	0	0	0	0	0	0	0	0	0
Zotu329	0	5	0	1	0	4	5	5	1	0	0	1
Zotu511	0	3	0	0	0	2	0	0	0	0	0	1
Zotu319	0	9	0	0	0	0	0	0	0	4	0	0
Zotu467	0	2	0	0	0	1	0	19	20	7	3	5
Zotu334	0	4	1	0	0	5	0	2	1	2	0	0
Zotu288	0	1	3	0	0	2	0	0	18	4	0	2
Zotu761	0	6	0	0	4	8	0	5	10	0	0	1
Zotu142	0	0	2	0	4	11	4	106	10	3	21	3
Zotu76	0	8	8	0	1	4	31	94	211	60	15	69
Zotu419	0	4	2	0	0	0	0	1	0	0	0	0
Zotu603	0	4	0	0	0	0	0	0	0	0	0	0
Zotu176	0	2	0	2	62	63	0	0	1	3	0	3
Zotu695	0	2	0	0	0	0	0	3	0	0	0	0
Zotu460	0	6	0	0	3	1	0	0	0	0	0	0
Zotu235	0	19	0	0	7	2	0	0	0	0	0	0
Zotu731	0	4	0	0	0	0	0	0	0	0	0	0
Zotu378	0	7	0	2	0	0	0	2	0	0	5	2
Zotu242	0	2	0	0	1	0	5	23	9	11	2	9
Zotu497	0	3	0	0	0	0	0	0	0	0	0	0
Zotu145	0	7	2	0	10	8	0	2	229	3	3	2
Zotu713	0	3	0	0	1	7	1	9	0	0	0	0
Zotu833	0	3	0	0	0	0	0	0	0	0	5	0
Zotu225	0	6	0	0	1	0	0	15	0	13	17	16
Zotu404	0	6	0	0	0	0	0	0	0	0	0	0
Zotu215	0	3	0	1	21	11	3	0	0	6	0	9
Zotu774	0	1	0	1	3	0	0	0	0	0	0	0
Zotu512	0	3	0	0	0	0	0	0	0	0	0	0
Zotu371	0	9	0	3	0	4	0	2	0	1	0	1
Zotu191	0	9	4	4	8	83	0	2	0	0	0	0
Zotu667	0	2	0	0	0	3	0	0	0	0	0	0
Zotu264	0	1	0	85	15	19	0	0	0	1	3	0
Zotu387	0	2	0	0	0	0	0	0	0	0	0	0
Zotu628	0	4	0	0	0	0	0	0	0	0	0	0
Zotu252	0	5	0	0	0	0	2	6	0	1	45	1
Zotu400	0	3	0	7	7	5	1	0	0	5	2	6
Zotu934	0	7	0	2	1	0	0	10	3	2	0	4
Zotu516	0	4	0	0	0	3	0	4	0	2	0	4
Zotu358	0	3	1	0	0	0	0	0	0	0	0	0
Zotu238	0	2	0	0	3	0	0	43	1	0	0	1
Zotu664	0	5	0	0	0	0	0	0	0	0	0	0
Zotu165	0	5	0	0	19	3	0	13	196	2	6	6
Zotu779	0	3	0	0	0	0	0	0	0	0	0	0
Zotu839	0	6	2	4	0	0	0	1	0	0	0	0
Zotu396	0	8	0	0	0	0	0	0	0	0	0	0
Zotu258	0	5	0	0	3	14	2	4	1	0	0	0
Zotu291	0	5	1	0	2	1	3	10	0	3	14	2
Zotu736	0	1	0	0	0	0	0	0	0	0	0	0
Zotu401	0	5	1	0	7	0	0	1	13	0	0	7
Zotu937	0	0	0	0	0	0	0	0	0	0	6	0
Zotu699	0	2	0	0	0	0	0	0	0	0	0	0
Zotu697	0	2	0	0	0	0	0	0	0	0	0	0
Zotu868	0	2	0	0	0	0	0	0	3	0	0	0
Zotu900	0	1	0	0	0	0	0	0	0	2	0	0
Zotu474	0	2	0	0	0	5	0	0	0	0	0	0
Zotu346	0	2	1	5	0	1	10	0	0	3	0	4
Zotu633	0	2	0	0	0	0	0	2	0	0	0	0
Zotu776	0	2	0	0	1	1	1	2	0	0	0	0
Zotu704	0	1	0	0	0	0	0	0	0	0	0	0
Zotu775	0	1	0	6	0	3	2	3	0	1	0	1
Zotu974	0	1	0	0	0	2	0	2	0	0	0	0
Zotu208	0	16	1	0	16	15	1	2	0	0	0	0
Zotu693	0	3	0	2	0	0	0	19	8	2	2	5
Zotu239	0	2	0	0	0	0	1	11	3	7	5	17
Zotu587	0	2	0	0	0	0	0	0	0	0	0	0
Zotu411	0	0	0	9	1	9	4	5	1	0	0	0
Zotu449	0	2	0	2	10	9	0	0	0	0	0	1
Zotu272	0	2	0	0	2	1	1	1	13	10	13	8
Zotu710	0	1	0	0	0	0	0	0	0	0	0	0
Zotu662	0	3	0	0	0	0	0	0	0	0	0	0
Zotu682	0	1	0	0	0	0	0	0	0	0	0	0
Zotu389	0	5	0	0	0	0	0	2	0	1	0	0
Zotu553	0	3	0	0	0	0	0	0	0	3	0	0
Zotu956	0	2	0	0	0	0	0	0	0	0	0	0
Zotu267	0	1	0	3	6	9	0	38	0	0	0	1
Zotu935	0	2	0	0	0	0	1	0	0	6	0	3
Zotu772	0	1	0	0	0	0	0	0	0	0	0	0
Zotu941	0	3	0	0	0	0	3	0	0	0	0	1
Zotu527	0	1	0	0	0	0	0	9	0	0	0	0
Zotu487	0	0	0	0	0	7	0	0	10	0	0	0
Zotu555	0	3	0	0	0	0	0	1	0	0	0	0
Zotu240	0	2	64	11	4	2	3	0	0	0	1	0
Zotu690	0	1	0	0	0	0	0	0	0	0	0	0
Zotu978	0	0	0	1	2	3	0	1	0	3	0	1
Zotu750	0	1	0	0	0	0	0	1	3	0	1	0
Zotu390	0	6	0	0	0	0	0	0	0	0	0	0
Zotu489	0	3	0	0	0	0	0	0	0	0	0	0
Zotu244	0	6	3	13	7	2	3	1	3	0	1	0
Zotu726	0	4	0	0	1	0	0	0	0	0	2	1
Zotu753	0	0	1	5	3	0	9	1	0	3	0	0
Zotu754	0	2	0	0	0	0	0	0	0	0	0	0
Zotu665	0	2	0	0	0	0	0	0	0	0	0	0
Zotu719	0	1	0	0	0	2	5	1	0	0	0	0
Zotu565	0	3	0	0	0	0	0	0	0	0	0	0
Zotu359	0	0	0	1	2	0	4	2	0	0	0	2
Zotu572	0	3	0	0	0	0	0	2	0	0	0	1
Zotu564	0	6	0	0	0	0	0	0	0	0	0	0
Zotu353	0	3	0	16	5	16	0	0	1	0	0	0
Zotu725	0	1	0	0	0	3	0	0	0	0	0	0
Zotu607	0	0	0	2	4	0	0	2	0	0	0	1
Zotu523	0	4	0	1	3	3	3	0	0	2	0	0
Zotu466	0	4	1	0	1	0	0	0	0	0	0	0
Zotu304	0	4	3	7	3	2	0	3	0	1	0	0
Zotu469	0	2	0	2	0	7	0	4	1	0	0	0
Zotu787	0	2	0	0	0	0	0	0	0	7	0	0
Zotu631	0	1	0	0	0	0	0	0	0	0	0	0
Zotu666	0	1	0	0	0	0	0	0	0	0	0	0
Zotu862	0	0	0	0	0	0	0	0	0	0	0	6
Zotu408	0	1	0	0	0	0	0	14	1	0	0	0
Zotu441	0	1	0	6	2	0	1	1	0	1	4	1
Zotu518	0	6	0	0	0	0	0	0	0	0	0	0
Zotu589	0	3	0	0	0	3	1	0	52	0	14	2
Zotu613	0	2	0	0	0	0	0	0	0	0	0	0
Zotu397	0	2	0	3	0	3	1	3	1	0	0	0
Zotu781	0	0	0	0	0	0	4	0	0	4	0	1
Zotu530	0	5	0	0	0	0	0	0	0	0	0	0
Zotu652	0	3	0	0	0	0	0	0	0	0	0	0
Zotu143	0	3	0	0	0	0	0	1	298	12	0	2
Zotu549	0	1	2	0	0	1	0	0	1	0	0	1
Zotu661	0	3	0	0	1	1	1	0	0	1	0	4
Zotu465	0	3	0	0	1	0	0	0	0	0	0	0
Zotu483	0	3	0	0	0	0	3	2	1	0	0	3
