sample	GA12	GA15	GA24
HBJ	1.624 	2.064 	1.096 
HBJ	1.554 	1.969 	1.020 
HBJ	1.672 	2.020 	1.111 
HC	0.273 	0.784 	0.575 
HC	0.303 	0.771 	0.547 
HC	0.282 	0.712 	0.526 
CSC	0.368 	0.577 	0.398 
CSC	0.332 	0.493 	0.316 
CSC	0.361 	0.554 	0.327 
LBJ	0.923 	0.529 	0.284 
LBJ	0.844 	0.538 	0.287 
LBJ	0.921 	0.520 	0.301 
N98BJ	0.552 	0.431 	0.138 
N98BJ	0.570 	0.372 	0.176 
N98BJ	0.601 	0.417 	0.156 
CSBJ	1.963 	1.763 	1.280 
CSBJ	1.989 	1.932 	1.377 
CSBJ	1.823 	1.653 	1.147 
N98C	0.168 	0.228 	0.051 
N98C	0.150 	0.221 	0.042 
N98C	0.139 	0.259 	0.046 
LC	0.192 	0.245 	0.062 
LC	0.214 	0.250 	0.064 
LC	0.228 	0.264 	0.054 
